2,3;8,4;8,3;8,2;8,3;M;4,1;8,3;8,3;2,3|
4,0;8,5;8,5;4,5;4,6;M;4,5;4,4;2,4|
4,0;M;4,3;8,3;8,3;4,3;4,5;M;4,7;4,5;2,3|
4,3;4,3;4,3;4,0;M;4,1;4,1;2,0;M;4,5;4,5;4,4;4,4;M;1.33,3;4,R|
8,0;m;4,3;8,3;4,3;8,4;m;2.67,5;8,5;8,R|
5.33,4;16,2;4,0;4,2;M;4,4;2,7|
5.33,0;16,0;M;4,3;4,3;4,4;4,4;M;2.67,7;8,5;4,3|
4,3;4,3;4,4;m;2.67,2;8,3;4,4|
4,2;4,1;4,0;4,1;m;4,2;4,2;2,2|
4,0;4,0;4,4;4,4;m;4,5;4,5;2,4|
4,R;4,0;4,2;4,3;m;1,4|
4,4;4,4;4,2;4,4;m;4,5;4,4;2,2|
4,R;4,0;4,1;4,2;m;4,4;4,3;4,3;4,5|
4,2;4,2;4,3;4,4;m;4,4;4,3;4,2;4,1|
4,0;m;2,3;8,5;8,3;m;2,5;4,R|
4,7;4,4;4,5;4,2;m;4,3;4,0;4,3;4,4|
8,0;8,0;4,0;8,0;8,0;4,0;m;8,0;8,0;4,3;4,4;4,5|
8,R;8,5;8,5;8,5;M;2,3;M;8,R;8,4;8,4;8,4;M;2,2|
4,3;4,3;M;8,5;4,5;8,5;M;8,4;8,4;8,2;8,0;M;2.67,1;8,R|
4,0;4,0;4,1;4,2;M;4,0;4,2;4,1;4,R|
8,4;M;4,2;8,2;8,2;8,1;8,2;M;2.67,3;2.67,2|
4,5;8,5;8,5;4,5;8,5;8,5;M;4,5;4,1;4,3;4,5|
2,0;2.67,3;8,3;M;1.33,3;4,R;M;2,0;2.67,4;8,2;M;2,3;2,R|
8,2;8,3;M;4,4;4,2;4,3;4,1;M;4,2;4,0;4,1;4,R|
5.33,7;16,5;M;4,3;4,3;M;4,3;8,1;8,0;M;8,3;4,4;8,2;M;4,3;4,R|
2.67,7;8,4;8,5;8,4;4,R;M;2.67,7;8,4;8,5;8,4;4,R|
2.67,4;2.67,4;M;8,4;8,2;8,7;8,4;8,2;8,0|
4,0;M;4,0;4,2;4,4;M;1.33,7;1.33,5|
4,0;M;4,0;4,2;4,4;M;4,4;4,R;4,7;M;4,7;4,R;4,5;M;4,5;2,R|
2.67,2;2.67,1;M;1.33,0;M;2.67,2;2.67,1;M;1.33,0;M;2.67,3;4,2;8,2;M;1.33,1|
8,3;8,2;M;4,2;8,3;8,2;4,2;8,3;8,2;M;4,2;4,7;4,R;4,R|
4,0;M;4,2;4,2;4,2;8,1;8,0;M;1.33,4;4,R|
5.33,3;16,3;M;4,3;4,0;5.33,5;16,5;M;4,5;4,3;8,3;8,5|
4,0;M;2.67,3;8,3;4,3;4,5;M;2.67,4;8,3;4,4;4,R|
1.33,7;M;1.33,5;M;1.33,3;M;2,0;4,R;M;4,1;4,2;4,3;M;2,1;4,3;M;1.33,0|
8,0;8,0;8,0;8,0;4,0;8,0;8,0;M;8,2;8,2;4,4;4,2;4,0|
4,4;4,4;4,5;4,5;M;2.67,4;8,3;2,2|
8,0;8,0;4,3;2.67,3;8,3;M;4,2;4,4;2,4|
4,0;4,1;4,2;4,0;M;4,0;4,1;4,2;4,0;M;4,2;4,3;2,4|
2.67,4;8,5;4,4;4,3;M;4,2;4,3;4,4|
4,2;8,2;8,2;8,0;8,0;4,0;4,2;4,2;2,4|
4,7;5.33,6;16,5;M;2.67,4;8,3;M;4,2;4,1;M;2.67,0;8,R|
2,0;M;8,1;8,3;8,2;8,1;M;4,4;4,4|
8,1;8,1;M;4,4;8,4;8,5;M;8,6;8,4;8,6;8,7|
8,0;8,1;8,2;8,3;4,4;M;4,7;4,5;4,7;2,4|
8,0;M;8,3;8,3;8,5;8,3;8,3;8,0;M;8,3;8,3;8,5;2.67,3|
8,R;8,5;8,5;8,5;M;2,3;M;8,R;8,4;8,4;8,4;M;2,2|
2.67,4;8,1;8,4;8,1;8,4;8,5;M;2,6;2,4|
2.67,4;4,4;8,5;M;4,4;8,2;4,0;8,1;M;4,2;8,2;4,1;8,1;M;2.67,0;2.67,R